7347_frame0.jpg 5 309 492 84 74 605 640 117 116 1159 254 41 46 1362 379 60 63 1543 439 73 70
7347_frame1.jpg 5 316 496 73 68 614 652 96 94 1157 257 43 41 1364 381 58 64 1544 440 71 70
7347_frame10.jpg 5 231 530 86 86 950 173 47 54 785 680 124 123 1284 288 66 69 1523 337 74 73
7347_frame11.jpg 5 769 719 113 114 154 573 95 78 860 210 38 42 1212 326 58 64 1456 373 70 70
7347_frame12.jpg 5 109 625 93 83 794 756 106 116 751 249 48 42 1138 355 57 65 1382 393 70 74
7347_frame13.jpg 5 188 624 94 94 768 240 43 45 905 738 122 131 1175 345 60 63 1432 381 71 74
7347_frame14.jpg 5 208 627 106 102 742 221 42 57 995 738 108 126 1179 324 62 66 1448 354 65 80
7347_frame15.jpg 5 174 636 103 111 646 206 46 54 1025 730 115 125 1118 305 66 68 1392 339 77 74
7347_frame16.jpg 5 180 681 104 102 572 224 50 46 1090 747 123 125 1082 313 61 71 1364 335 67 72
7347_frame17.jpg 5 217 698 121 108 553 209 49 53 1092 306 71 71 1212 757 121 139 1392 331 63 74
7347_frame18.jpg 5 497 212 52 60 232 742 125 128 1086 301 68 75 1388 325 68 76 1313 785 127 138
7347_frame19.jpg 5 340 223 57 50 173 807 144 127 985 301 65 69 1294 314 75 75 1354 798 141 144
7347_frame2.jpg 5 311 495 72 69 613 650 92 103 1156 255 36 43 1359 383 60 57 1544 442 68 74
7347_frame20.jpg 5 222 206 62 59 165 844 161 150 924 268 78 76 1248 276 72 76 1427 782 150 156
7347_frame21.jpg 5 62 150 67 62 116 850 156 157 830 213 76 81 1161 221 77 75 1444 739 145 157
7347_frame22.jpg 4 744 164 72 73 1076 157 74 82 1452 678 150 164 100 867 154 140
7347_frame23.jpg 4 737 127 68 70 1084 123 67 73 1532 666 148 141 155 869 173 137
7347_frame24.jpg 4 807 170 72 74 1165 174 74 78 1689 749 150 157 264 976 159 38
7347_frame25.jpg 5 0 69 28 68 872 140 73 76 1239 140 70 85 1826 781 84 170 341 1002 175 45
7347_frame26.jpg 4 783 9 77 74 1158 9 86 82 1801 685 109 152 275 952 235 95
7347_frame27.jpg 2 1549 561 177 164 16 956 233 91
7347_frame28.jpg 2 1557 440 160 155 70 1007 189 38
7347_frame29.jpg 1 1406 263 151 152
7347_frame3.jpg 5 615 658 94 90 307 493 73 72 1148 250 44 44 1355 382 63 54 1544 437 71 71
7347_frame30.jpg 1 1433 294 141 149
7347_frame31.jpg 1 619 858 282 188
7347_frame32.jpg 1 891 600 244 238
7347_frame33.jpg 1 1372 856 271 188
7347_frame34.jpg 1 180 35 137 113
7347_frame35.jpg 2 459 347 111 100 884 243 94 101
7347_frame36.jpg 2 686 438 105 106 1080 334 90 90
7347_frame37.jpg 2 863 461 109 109 1224 359 94 92
7347_frame38.jpg 2 1084 484 117 109 1412 387 106 92
7347_frame39.jpg 2 1343 514 116 107 1642 395 100 114
7347_frame4.jpg 5 291 489 85 70 609 639 118 107 1128 238 46 52 1345 367 66 62 1538 426 69 67
7347_frame40.jpg 2 1539 471 108 114 1778 360 96 100
7347_frame41.jpg 2 1617 407 102 114 1809 287 93 110
7347_frame42.jpg 2 1721 378 119 113 1877 267 33 82
7347_frame43.jpg 2 1666 359 98 114 1757 247 88 101
7347_frame44.jpg 2 1487 277 101 100 1539 174 85 84
7347_frame45.jpg 2 248 792 256 226 1336 3 64 20
7347_frame46.jpg 1 241 723 226 213
7347_frame47.jpg 1 357 761 217 207
7347_frame48.jpg 1 604 871 218 176
7347_frame49.jpg 4 429 0 73 29 535 44 95 93 1511 23 76 56 763 885 221 162
7347_frame5.jpg 5 254 483 85 68 605 653 110 103 1104 224 49 50 1335 354 61 62 1527 417 71 69
7347_frame50.jpg 5 399 107 73 66 525 184 81 76 1023 51 69 50 1421 147 66 62 901 938 180 109
7347_frame51.jpg 5 965 849 167 175 465 189 88 84 327 117 90 79 936 54 51 55 1322 131 53 58
7347_frame52.jpg 5 276 160 63 67 422 227 72 68 843 84 48 52 1211 153 51 50 968 778 144 155
7347_frame53.jpg 5 1039 728 137 146 462 241 67 77 308 186 64 62 844 110 42 47 1199 161 51 61
7347_frame54.jpg 5 1211 170 51 54 853 135 46 46 522 292 68 64 353 240 75 62 1189 695 137 127
7347_frame55.jpg 5 1115 717 126 109 1012 233 63 46 654 232 44 37 371 401 74 62 184 366 73 63
7347_frame56.jpg 5 96 412 69 51 287 431 85 76 556 257 48 45 902 250 60 53 1070 681 129 112
7347_frame57.jpg 5 1201 627 129 105 1007 233 49 47 659 236 49 46 426 384 74 76 247 356 71 72
7347_frame58.jpg 5 386 373 66 51 584 397 67 63 762 250 61 52 1107 259 49 49 1387 633 122 105
7347_frame59.jpg 5 1531 608 123 115 1150 265 57 47 812 264 44 45 665 409 88 68 476 382 53 55
7347_frame6.jpg 5 230 511 77 76 601 675 106 113 1068 241 46 51 1310 370 60 65 1515 428 67 78
7347_frame60.jpg 5 1432 545 100 101 1019 226 42 56 673 227 47 50 557 369 69 63 339 350 78 57
7347_frame61.jpg 5 263 312 76 60 493 333 66 61 573 186 46 45 927 187 49 46 1423 497 95 85
7347_frame62.jpg 5 302 332 72 58 530 334 86 76 593 199 39 50 937 190 57 55 1511 495 97 97
7347_frame63.jpg 5 337 304 65 63 575 321 81 74 596 173 64 56 954 167 58 51 1579 474 113 93
7347_frame64.jpg 5 320 290 60 58 571 298 79 74 570 155 45 45 934 148 39 57 1630 452 106 99
7347_frame65.jpg 5 321 269 63 68 549 134 50 48 596 290 68 72 925 134 44 50 1716 460 105 95
7347_frame66.jpg 5 336 277 70 71 560 127 50 55 638 299 67 79 944 133 49 57 1845 494 65 98
7347_frame67.jpg 5 254 338 87 72 457 169 65 55 576 348 88 80 868 169 56 54 1855 545 55 101
7347_frame68.jpg 5 141 344 95 87 348 156 64 68 512 357 76 89 774 152 47 55 1888 546 22 66
7347_frame69.jpg 4 230 368 86 76 420 162 58 58 605 383 94 79 858 155 54 57
7347_frame70.jpg 4 238 442 93 97 420 219 54 50 661 462 77 90 873 213 56 60
7347_frame71.jpg 4 276 501 90 91 432 235 59 61 730 516 92 98 909 223 57 64
7347_frame72.jpg 4 392 501 107 108 529 193 69 68 892 518 97 109 1023 172 60 65
7347_frame73.jpg 4 449 614 118 111 551 256 65 63 1072 216 64 75 1007 618 116 117
7347_frame74.jpg 4 245 722 131 135 299 264 77 85 881 224 58 78 910 696 128 149
7347_frame75.jpg 4 172 735 153 150 193 181 91 85 814 154 83 77 921 722 134 154
7347_frame76.jpg 3 608 126 81 78 30 888 184 158 899 788 156 149
7347_frame77.jpg 3 567 42 74 77 1072 774 155 165 200 944 192 103
7347_frame78.jpg 2 397 789 207 198 1227 516 190 188
7347_frame79.jpg 2 363 680 215 195 1099 322 152 157
7347_frame80.jpg 2 687 707 197 204 1249 322 148 164
7347_frame81.jpg 2 1584 545 161 167 1153 958 200 89
7347_frame82.jpg 1 410 23 95 95
7347_frame83.jpg 2 45 431 147 137 685 137 76 98
7347_frame84.jpg 2 398 546 148 125 928 231 94 87
7347_frame85.jpg 2 604 573 146 126 1023 237 86 96
7347_frame86.jpg 2 772 564 155 160 1075 226 87 91
7347_frame87.jpg 2 944 592 136 132 1128 237 84 91
7347_frame88.jpg 2 838 614 128 133 874 259 94 109
7347_frame89.jpg 2 691 663 129 145 621 330 86 87
7347_frame90.jpg 4 440 391 84 85 608 717 142 155 1581 207 61 88 1782 455 84 91
7347_frame91.jpg 5 288 437 89 89 569 734 132 155 1332 219 69 58 1570 441 69 80 1787 564 108 84
7347_frame92.jpg 5 238 455 97 88 599 737 126 133 1211 218 48 56 1454 400 79 85 1685 512 89 91
7347_frame93.jpg 5 248 447 97 90 665 708 129 124 1145 192 47 53 1421 374 72 68 1651 468 105 82
7347_frame94.jpg 5 154 421 93 79 637 666 116 125 997 164 55 58 1283 332 72 73 1490 416 107 84
7347_frame95.jpg 5 127 436 97 85 654 640 105 121 910 156 47 47 1222 301 64 77 1434 365 94 88
7347_frame96.jpg 5 161 534 110 88 894 212 53 45 709 676 130 147 1217 327 79 76 1436 378 95 82
7347_frame97.jpg 5 162 541 95 87 718 680 117 112 846 214 51 49 1180 323 69 64 1404 366 76 85
7347_frame7.jpg 5 163 537 100 86 581 720 118 113 999 259 44 45 1260 388 69 65 1463 440 89 88
7347_frame8.jpg 5 87 567 81 86 571 725 108 110 881 258 50 49 1163 376 70 59 1380 434 74 63
7347_frame9.jpg 5 120 525 96 89 654 688 111 118 892 191 41 65 1200 322 59 69 1417 377 91 80


