7350_frame0.jpg 4 169 514 132 110 919 234 86 92 1145 477 122 135 1292 444 124 131
7350_frame1.jpg 4 153 498 126 101 906 214 100 85 1126 457 139 127 1285 432 124 109
7350_frame10.jpg 4 186 247 124 94 532 525 164 133 717 551 131 140 1155 206 114 104
7350_frame11.jpg 4 119 227 116 92 362 532 160 128 530 546 149 172 1088 234 107 92
7350_frame12.jpg 4 153 220 113 91 277 558 154 131 420 608 153 163 1110 261 107 112
7350_frame13.jpg 2 366 133 117 86 365 470 256 231
7350_frame14.jpg 3 1307 176 116 102 384 55 105 74 236 408 237 232
7350_frame15.jpg 1 272 338 228 218
7350_frame16.jpg 2 447 184 149 87 419 278 183 144
7350_frame17.jpg 1 395 102 177 126
7350_frame18.jpg 1 530 86 179 134
7350_frame19.jpg 1 675 150 154 118
7350_frame2.jpg 4 853 90 112 79 1065 354 133 121 1211 323 119 114 73 365 111 129
7350_frame20.jpg 2 675 252 144 132 785 195 153 114
7350_frame21.jpg 2 786 175 134 124 642 227 158 131
7350_frame22.jpg 2 591 231 133 125 747 189 138 123
7350_frame23.jpg 3 603 240 139 112 461 275 134 128 1114 667 190 165
7350_frame24.jpg 2 494 309 131 117 631 279 128 102
7350_frame25.jpg 2 535 301 115 110 651 269 147 115
7350_frame26.jpg 2 621 272 106 101 456 287 110 88
7350_frame27.jpg 2 655 294 124 108 502 294 132 129
7350_frame28.jpg 2 547 242 114 99 698 232 117 114
7350_frame29.jpg 2 489 174 114 111 650 167 116 118
7350_frame3.jpg 4 885 82 92 88 1035 376 128 131 1204 351 132 119 24 357 160 118
7350_frame30.jpg 2 579 184 112 97 727 198 138 105
7350_frame31.jpg 2 614 196 116 103 757 206 113 118
7350_frame32.jpg 2 600 173 123 127 761 187 111 122
7350_frame33.jpg 2 762 149 113 132 882 175 116 127
7350_frame34.jpg 2 807 121 118 111 922 166 113 130
7350_frame35.jpg 3 855 173 117 113 302 89 85 78 962 231 105 129
7350_frame36.jpg 3 56 236 171 123 1203 46 106 92 1277 115 149 124
7350_frame37.jpg 0
7350_frame38.jpg 0
7350_frame39.jpg 0
7350_frame4.jpg 4 99 366 110 93 980 115 71 77 1032 422 111 121 1197 397 137 128
7350_frame40.jpg 1 822 78 110 105
7350_frame41.jpg 1 863 293 92 99
7350_frame42.jpg 1 920 412 100 89
7350_frame43.jpg 1 870 406 118 91
7350_frame44.jpg 2 1004 404 91 81 1272 722 163 110
7350_frame45.jpg 4 1003 357 89 95 1203 616 117 130 1348 575 139 153 168 633 181 116
7350_frame46.jpg 5 840 262 89 81 58 521 122 94 934 512 139 104 1098 466 132 111 1459 285 68 110
7350_frame47.jpg 5 851 234 84 65 912 444 109 94 1059 426 112 97 1438 279 74 78 111 419 89 129
7350_frame48.jpg 5 226 370 130 87 930 211 91 58 923 414 133 78 1078 380 93 103 1469 256 58 81
7350_frame49.jpg 5 910 222 87 59 262 337 81 86 898 390 100 96 1028 370 96 100 1386 278 121 90
7350_frame5.jpg 4 9 334 135 129 919 130 106 86 868 439 170 142 1039 425 168 133
7350_frame50.jpg 5 994 217 68 50 355 305 85 81 944 375 99 95 1068 371 115 88 1450 280 76 97
7350_frame6.jpg 3 838 160 107 84 692 471 150 144 874 459 155 130
7350_frame7.jpg 4 938 182 86 90 659 489 163 136 847 483 165 145 4 312 91 111
7350_frame8.jpg 4 43 280 103 110 993 199 105 101 836 519 133 136 619 479 165 159
7350_frame9.jpg 4 19 279 126 91 1018 217 90 100 518 520 128 157 682 554 184 146
